.Random.seed <-
c(403L, 476L, 830904920L, -122352273L, -627593339L, 65583246L, 
380929253L, 292202130L, 396176926L, 755635001L, -159149946L, 
-2124326047L, -413330961L, 2083888112L, -395278841L, -258471888L, 
-1413951252L, 999026199L, 217134428L, 175033643L, 556834057L, 
1353905442L, 1025515017L, -430162218L, -1876290070L, -1014299419L, 
-2065044798L, 689303525L, -1148971525L, -905128100L, 1850366435L, 
842475276L, 385564720L, -285980725L, 417156784L, -1822534537L, 
-877821043L, -1433626234L, -135267155L, 2127506266L, 730764726L, 
-1030521135L, -1684731426L, 1880700057L, 528363255L, 348264184L, 
-1707508993L, -830661912L, 1137774724L, 97736575L, 355420932L, 
1692461219L, 891740513L, -601944950L, -843515935L, -192055890L, 
-777360910L, 1326102285L, -1572535926L, -174596338L, -1283260088L, 
-1541592550L, -501929757L, 1397897809L, -1758761339L, 1930858691L, 
294103930L, -654193040L, -239983350L, 880039860L, -516109887L, 
-215904221L, -2107988977L, -701277467L, 917136264L, 1199722410L, 
919763100L, 912886806L, -1085575529L, -1907207315L, -560615959L, 
-574712609L, 458177670L, 869866204L, -2107423906L, 1467100096L, 
-2039407563L, -1114056721L, -683032541L, -620268047L, 1483847908L, 
785522598L, -1167047200L, 2002275890L, -1715161333L, 175033417L, 
408763501L, 429934059L, 1493162306L, 741163608L, 285803442L, 
-775187124L, 464896697L, -341493509L, 1117729943L, 907822589L, 
-1049595104L, -2007650910L, 1522796436L, 1908870990L, -149995169L, 
1063749189L, -1280946095L, -2053863673L, -368635954L, 321662788L, 
1779458854L, 1058552312L, 879494029L, -1535105689L, -57253045L, 
-2013462487L, 323719868L, -888641698L, 421432664L, 1960370122L, 
-1766781517L, 1115613761L, 1016408501L, -665112653L, 307573194L, 
-2083009632L, -886696070L, 1443730628L, 495140497L, 1192427251L, 
1152264863L, 761135477L, -1448505704L, -1248758982L, 1957530604L, 
-1775332090L, 2073767143L, 756474333L, 1168132281L, 730013999L, 
-562705226L, -118728692L, -55772658L, -1635790992L, -1214407867L, 
1696255263L, 298286067L, 1132196641L, 581261012L, -4936586L, 
-1758073296L, 962252642L, 529377051L, -2042411271L, 1258880861L, 
408776091L, -926612590L, -879345656L, 1229915810L, -99273508L, 
-238747127L, -843691509L, 1496619687L, -902293619L, 374174960L, 
632550770L, -164306012L, -2036508610L, -953223569L, -632307211L, 
-447847647L, -828345513L, -179254978L, -1433174732L, -324150250L, 
1540881256L, 1942547485L, -1511894313L, 1144567259L, 2102311385L, 
-1595620436L, -1805768402L, 112719336L, 864691194L, 323042051L, 
1554234289L, 1737625637L, 2012336419L, 1611363738L, 368838032L, 
-2123410070L, -457221356L, 1621730593L, -1863340349L, -876721809L, 
-1966647611L, -191466008L, 475888522L, 763778940L, 355724470L, 
1292031607L, 156830605L, 880986697L, -102620673L, -1475176154L, 
-129989188L, -18276930L, 1169721760L, 1845296597L, 1389648655L, 
-43480381L, -815335407L, 1555694724L, 757531654L, 809255168L, 
-1018225966L, -1719764693L, -1954094807L, -1227150707L, 915050635L, 
-1309588702L, -1832467656L, -562966702L, 301612588L, -337127911L, 
-1694350053L, 2023595703L, 1942270173L, 624035456L, 564721666L, 
396203188L, -457951506L, -2093116161L, -36359643L, 335381041L, 
-886926617L, -739305682L, -858967516L, 377495814L, 1706371032L, 
1484261997L, 291218055L, 54961515L, 669876937L, -813773348L, 
-337663362L, -571082248L, -34294742L, 106789715L, -1884474335L, 
-1865299115L, 2020533011L, 521352426L, 1484488768L, -511198246L, 
2088025636L, -1157776527L, -330207213L, -347338625L, -2086895147L, 
799140984L, 1048515738L, -563525300L, -313296090L, 363216839L, 
1719472765L, 726136729L, -1928122161L, -1851380906L, 1403480940L, 
1513924590L, 136644176L, 124462437L, 920419647L, -1942410477L, 
-1144671551L, -487629836L, -1736988458L, 33768912L, -520736638L, 
-1368750472L, -1862454814L, -1507468653L, -293712333L, 1540373303L, 
-372506187L, 1427376930L, 566216942L, -1495328346L, -641399660L, 
1080181517L, -1616714663L, -2144405839L, -532860525L, -557505144L, 
1050157120L, 1985784020L, 312339798L, 468651063L, -303311849L, 
-626011789L, -225587903L, -1778557810L, 152550434L, 1843343706L, 
-830631376L, 1289149801L, -773357963L, -194373691L, -993196073L, 
-1609371252L, 1552002380L, 557072432L, -729136806L, 494967803L, 
-449645765L, 1860909711L, 653537757L, 913033498L, 2126979222L, 
578779198L, 848473164L, -896645227L, 247441473L, -1498587879L, 
1561417275L, 1320298816L, -919948552L, -249423492L, 3886014L, 
531461295L, -163301041L, 1227246107L, -575149703L, -1778139402L, 
-1454395398L, 141643106L, 1000128344L, 1175755777L, 713205517L, 
-1876003363L, -1168984753L, -1027264524L, 412944980L, -438134104L, 
477662610L, 2007635747L, -1660504829L, 927301095L, 140072229L, 
-2008174478L, 831227582L, -591688746L, -315249308L, 1904437629L, 
1510379945L, 932713697L, 1141079811L, 668579640L, -860899344L, 
-1768815772L, 856521894L, -1630020025L, 2053683335L, 905744451L, 
188950257L, 1958645310L, -1567169358L, -1574263158L, -284373952L, 
-1963364231L, -595008379L, 169372181L, 2049625831L, 554920380L, 
810406460L, -1003751872L, -1751668054L, 196449323L, 1373430443L, 
-1283330209L, 263255213L, 277894730L, -1576419258L, -1572710706L, 
1045140220L, -1330368411L, -555534223L, -707247575L, 2112883211L, 
-2106751856L, 415230280L, 719063404L, -298116050L, -709375265L, 
-722138337L, -1535870389L, -722666423L, -580882682L, -1906520278L, 
-794337358L, -1860403256L, 1007509489L, 1367214333L, -662063155L, 
91146303L, 407332228L, -1842276508L, -253087272L, 99017922L, 
966429619L, 1777290387L, 148311895L, 1701190357L, 114911810L, 
2102368142L, 545483974L, -423618764L, -272711699L, 1470574009L, 
-1263713135L, -86607309L, -1253545880L, -1327173856L, 810455604L, 
190321654L, 1766432023L, 1183939575L, 490934355L, 1507452385L, 
-377069458L, -365799550L, -841047878L, -1708471920L, 1977243593L, 
329130197L, 447225253L, -2145044937L, -1267380756L, 402851052L, 
2146116240L, 443142266L, -826546661L, -496135397L, -1788013649L, 
-203373571L, 1969280058L, -2092298634L, -123911650L, 870125970L, 
-840625993L, -684467626L, -1556258883L, -1171692314L, -706299823L, 
1038195048L, 1806918581L, -1607066778L, 242525583L, -1801088438L, 
-1241219039L, -346667850L, 640001961L, -606213316L, -1011740851L, 
-1816770998L, -36450369L, 1060475318L, 1861916461L, -732958906L, 
-801057311L, -335832504L, -357465667L, 1601362174L, 1188185471L, 
444274154L, -536369983L, 1445913246L, -1996846975L, 1005132636L, 
1916929021L, 1340152658L, -1062116569L, -1995625066L, -1826268003L, 
687742694L, 484053361L, 1202412152L, 1147753397L, 1890918662L, 
1693573871L, 1573017226L, 1992869201L, -1672028250L, 1691045673L, 
-1013004644L, 644145789L, -1822651990L, -979564401L, 1946162662L, 
1258344349L, 1247907830L, 282441457L, -592412312L, -1833448611L, 
-131369314L, 1672366639L, -456941831L, -653721510L, 36898752L, 
970269545L, 1480636617L, -523713632L, -656670766L, -42919995L, 
-84616743L, -1625121566L, -1127933492L, 178946181L, -365719735L, 
-206746028L, 1199045514L, -979341999L, 1859709041L, 1888602594L, 
-1504451776L, 1504975593L, -1311759407L, -1975476296L, 2091522994L, 
-1050074059L, 202089425L, -452690806L, -381606988L, 1487706253L, 
-1126746143L, -1951883996L, 1102857434L, -1105695831L, 348908313L, 
-257230582L, -343961632L, 1480615737L, 212449673L, 1989180944L, 
-1525204414L, -1551175963L, 91620297L, 1358005106L, 1997513788L, 
-594014123L, -885088215L, 275484196L, -1246284518L, 11562977L, 
-1856236255L, 758244546L, -880570848L, 347906489L, 682129313L, 
-820457992L, 542554850L, 373610133L, 82562737L, 357785482L, -1525907212L, 
-944180819L, -1932763887L, -1586847724L, 247639690L, -697141815L, 
-886217927L, 1945463194L, -15581664L, 1515253737L, 1501032009L, 
1524181600L, 1194468754L, -495677563L, -1250094087L, -1731189534L, 
-740330292L, -285403003L, 1459368169L, 718937492L, -2009838838L, 
1902450801L, -1624443535L, 510528194L, 787069536L, -2076656663L, 
242532337L, 174620088L, -1660176558L, 615140085L, -472830543L, 
-1998790774L, 1053464948L, 1647588877L, 1082291873L, 1447210564L, 
